$ANSIBLE_VAULT;1.1;AES256
62333264653736616131393032383830363035333337313565366365383838323936396162656337
3832306133323864303638643536363466343464353263370a303939633634376461613036646565
31326162326464626430323238363535366562366639383737386465376638613033643866376136
6139326336613063360a303134353063333465356532393930323165663362323164313635386433
34653363626664393739643838653361626530306331333536393536393262316435316639653034
63666263323834346631663334333133383535383336613261646661343231393731366363383264
66663661363366363263616532396231313966353530313432623265383362613664373166333131
37353037653831366562396530646366343936643039623934356233663334653966663533373037
34626336646563633838386434653031343063656230323438353062336436393361336430326136
63623462656132356234386665326266323061313566633139616130386565356662326334373264
396534323739353733386538303539353430
